 Fx=  0.000000000000000E+000 Fy=  0.400000005960464      Fz=
  0.000000000000000E+000 top layer nodes
     1        -0.44792E-09         0.14830E-09        -0.49177E-09
     4         0.41822E+00        -0.73457E+00         0.35524E+00
     7         0.38919E+00        -0.14443E+01         0.35592E+00
    10         0.32782E+00        -0.21210E+01         0.33981E+00
    13         0.17975E+00        -0.25708E+01         0.32624E+00
    16         0.21538E-13        -0.27111E+01         0.31569E+00
    19        -0.17975E+00        -0.25708E+01         0.32624E+00
    22        -0.32782E+00        -0.21210E+01         0.33981E+00
    25        -0.38919E+00        -0.14443E+01         0.35592E+00
    28        -0.41822E+00        -0.73457E+00         0.35524E+00
    31         0.44792E-09         0.14830E-09        -0.49177E-09
    34         0.48441E+00        -0.66826E+00         0.29789E+00
    37         0.37971E+00        -0.13058E+01         0.35032E+00
    40         0.43476E+00        -0.20737E+01         0.38614E+00
    43         0.32718E+00        -0.27133E+01         0.36720E+00
    46         0.18481E+00        -0.31562E+01         0.36505E+00
    49         0.13899E-12        -0.33371E+01         0.36207E+00
    52        -0.18481E+00        -0.31562E+01         0.36505E+00
    55        -0.32718E+00        -0.27133E+01         0.36720E+00
    58        -0.43476E+00        -0.20737E+01         0.38614E+00
    61        -0.37971E+00        -0.13058E+01         0.35032E+00
    64        -0.48441E+00        -0.66826E+00         0.29789E+00
    67         0.38791E+00        -0.12245E+01         0.38143E+00
    70         0.46113E+00        -0.19846E+01         0.37412E+00
    73         0.40641E+00        -0.27002E+01         0.36563E+00
    76         0.33303E+00        -0.33383E+01         0.37086E+00
    79         0.18350E+00        -0.37831E+01         0.37580E+00
    82         0.13937E-12        -0.39027E+01         0.37733E+00
    85        -0.18350E+00        -0.37831E+01         0.37580E+00
    88        -0.33303E+00        -0.33383E+01         0.37086E+00
    91        -0.40641E+00        -0.27002E+01         0.36563E+00
    94        -0.46113E+00        -0.19846E+01         0.37412E+00
    97        -0.38791E+00        -0.12245E+01         0.38143E+00
   100         0.42833E+00        -0.19151E+01         0.29376E+00
   103         0.41540E+00        -0.25604E+01         0.29867E+00
   106         0.42097E+00        -0.32822E+01         0.30282E+00
   109         0.33896E+00        -0.39320E+01         0.30922E+00
   112         0.19887E+00        -0.43982E+01         0.33095E+00
   115         0.25940E-12        -0.46486E+01         0.34624E+00
   118        -0.19887E+00        -0.43982E+01         0.33095E+00
   121        -0.33896E+00        -0.39320E+01         0.30922E+00
   124        -0.42097E+00        -0.32822E+01         0.30282E+00
   127        -0.41540E+00        -0.25604E+01         0.29867E+00
   130        -0.42833E+00        -0.19151E+01         0.29376E+00
   133         0.37929E+00        -0.22804E+01         0.17075E+00
   136         0.42866E+00        -0.29704E+01         0.16634E+00
   139         0.41834E+00        -0.36938E+01         0.16947E+00
   142         0.36121E+00        -0.43612E+01         0.18140E+00
   145         0.22540E+00        -0.49375E+01         0.20558E+00
   148         0.20911E-12        -0.50451E+01         0.22487E+00
   151        -0.22540E+00        -0.49375E+01         0.20558E+00
   154        -0.36121E+00        -0.43612E+01         0.18140E+00
   157        -0.41834E+00        -0.36938E+01         0.16947E+00
   160        -0.42866E+00        -0.29704E+01         0.16634E+00
   163        -0.37929E+00        -0.22804E+01         0.17075E+00
   166         0.39745E+00        -0.24743E+01        -0.13446E-12
   169         0.41285E+00        -0.31131E+01        -0.20321E-12
   172         0.42975E+00        -0.38295E+01        -0.44821E-12
   175         0.36670E+00        -0.45622E+01        -0.71191E-12
   178         0.24500E+00        -0.50680E+01        -0.79412E-12
   181         0.22651E-12        -0.58171E+01        -0.93503E-12
   184        -0.24500E+00        -0.50680E+01        -0.98867E-12
   187        -0.36670E+00        -0.45622E+01        -0.93386E-12
   190        -0.42975E+00        -0.38295E+01        -0.72095E-12
   193        -0.41285E+00        -0.31131E+01        -0.51199E-12
   196        -0.39745E+00        -0.24743E+01        -0.41281E-12
   199         0.37929E+00        -0.22804E+01        -0.17075E+00
   202         0.42866E+00        -0.29704E+01        -0.16634E+00
   205         0.41834E+00        -0.36938E+01        -0.16947E+00
   208         0.36121E+00        -0.43612E+01        -0.18140E+00
   211         0.22540E+00        -0.49375E+01        -0.20558E+00
   214         0.10643E-12        -0.50451E+01        -0.22487E+00
   217        -0.22540E+00        -0.49375E+01        -0.20558E+00
   220        -0.36121E+00        -0.43612E+01        -0.18140E+00
   223        -0.41834E+00        -0.36938E+01        -0.16947E+00
   226        -0.42866E+00        -0.29704E+01        -0.16634E+00
   229        -0.37929E+00        -0.22804E+01        -0.17075E+00
   232         0.42833E+00        -0.19151E+01        -0.29376E+00
   235         0.41540E+00        -0.25604E+01        -0.29867E+00
   238         0.42097E+00        -0.32822E+01        -0.30282E+00
   241         0.33896E+00        -0.39320E+01        -0.30922E+00
   244         0.19887E+00        -0.43982E+01        -0.33095E+00
   247         0.77305E-13        -0.46486E+01        -0.34624E+00
   250        -0.19887E+00        -0.43982E+01        -0.33095E+00
   253        -0.33896E+00        -0.39320E+01        -0.30922E+00
   256        -0.42097E+00        -0.32822E+01        -0.30282E+00
   259        -0.41540E+00        -0.25604E+01        -0.29867E+00
   262        -0.42833E+00        -0.19151E+01        -0.29376E+00
   265         0.38791E+00        -0.12245E+01        -0.38143E+00
   268         0.46113E+00        -0.19846E+01        -0.37412E+00
   271         0.40641E+00        -0.27002E+01        -0.36563E+00
   274         0.33303E+00        -0.33383E+01        -0.37086E+00
   277         0.18350E+00        -0.37831E+01        -0.37580E+00
   280         0.13472E-12        -0.39027E+01        -0.37733E+00
   283        -0.18350E+00        -0.37831E+01        -0.37580E+00
   286        -0.33303E+00        -0.33383E+01        -0.37086E+00
   289        -0.40641E+00        -0.27002E+01        -0.36563E+00
   292        -0.46113E+00        -0.19846E+01        -0.37412E+00
   295        -0.38791E+00        -0.12245E+01        -0.38143E+00
   298         0.48441E+00        -0.66826E+00        -0.29789E+00
   301         0.37971E+00        -0.13058E+01        -0.35032E+00
   304         0.43476E+00        -0.20737E+01        -0.38614E+00
   307         0.32718E+00        -0.27133E+01        -0.36720E+00
   310         0.18481E+00        -0.31562E+01        -0.36505E+00
   313         0.11000E-12        -0.33371E+01        -0.36207E+00
   316        -0.18481E+00        -0.31562E+01        -0.36505E+00
   319        -0.32718E+00        -0.27133E+01        -0.36720E+00
   322        -0.43476E+00        -0.20737E+01        -0.38614E+00
   325        -0.37971E+00        -0.13058E+01        -0.35032E+00
   328        -0.48441E+00        -0.66826E+00        -0.29789E+00
   331        -0.44792E-09         0.14830E-09         0.49177E-09
   334         0.41822E+00        -0.73457E+00        -0.35524E+00
   337         0.38919E+00        -0.14443E+01        -0.35592E+00
   340         0.32782E+00        -0.21210E+01        -0.33981E+00
   343         0.17975E+00        -0.25708E+01        -0.32624E+00
   346         0.18860E-12        -0.27111E+01        -0.31569E+00
   349        -0.17975E+00        -0.25708E+01        -0.32624E+00
   352        -0.32782E+00        -0.21210E+01        -0.33981E+00
   355        -0.38919E+00        -0.14443E+01        -0.35592E+00
   358        -0.41822E+00        -0.73457E+00        -0.35524E+00
   361         0.44792E-09         0.14830E-09         0.49177E-09
 Fx=  0.000000000000000E+000 Fy=  0.400000005960464      Fz=
  0.000000000000000E+000 inter-layer nodes
     2         0.38366E-11         0.20234E-09         0.40597E-11
     5        -0.17207E-02        -0.69332E+00        -0.14725E-02
     8        -0.22168E-02        -0.14560E+01        -0.25760E-02
    11        -0.15183E-02        -0.21341E+01        -0.29823E-02
    14        -0.20096E-02        -0.25929E+01        -0.40964E-02
    17        -0.67724E-14        -0.27733E+01        -0.77551E-02
    20         0.20096E-02        -0.25929E+01        -0.40964E-02
    23         0.15183E-02        -0.21341E+01        -0.29823E-02
    26         0.22168E-02        -0.14560E+01        -0.25760E-02
    29         0.17207E-02        -0.69332E+00        -0.14725E-02
    32        -0.38366E-11         0.20234E-09         0.40597E-11
    35        -0.18062E-02        -0.53936E+00        -0.11189E-02
    38        -0.16481E-02        -0.13218E+01        -0.15134E-02
    41        -0.17585E-02        -0.20755E+01        -0.25600E-02
    44        -0.20669E-02        -0.27307E+01        -0.36329E-02
    47         0.24467E-03        -0.31776E+01        -0.44508E-02
    50        -0.27645E-13        -0.33191E+01        -0.31538E-02
    53        -0.24467E-03        -0.31776E+01        -0.44508E-02
    56         0.20669E-02        -0.27307E+01        -0.36329E-02
    59         0.17585E-02        -0.20755E+01        -0.25600E-02
    62         0.16481E-02        -0.13218E+01        -0.15134E-02
    65         0.18062E-02        -0.53936E+00        -0.11189E-02
    68        -0.26244E-02        -0.12965E+01        -0.18968E-02
    71        -0.25255E-02        -0.19803E+01        -0.16861E-02
    74        -0.27803E-02        -0.27131E+01        -0.24646E-02
    77        -0.16398E-02        -0.33643E+01        -0.37642E-02
    80        -0.30647E-02        -0.38094E+01        -0.48463E-02
    83         0.71682E-13        -0.39959E+01        -0.10930E-01
    86         0.30647E-02        -0.38094E+01        -0.48463E-02
    89         0.16398E-02        -0.33643E+01        -0.37642E-02
    92         0.27803E-02        -0.27131E+01        -0.24646E-02
    95         0.25255E-02        -0.19803E+01        -0.16861E-02
    98         0.26244E-02        -0.12965E+01        -0.18968E-02
   101        -0.34881E-02        -0.18748E+01        -0.16260E-02
   104        -0.37007E-02        -0.25844E+01        -0.15538E-02
   107        -0.34951E-02        -0.33060E+01        -0.22422E-02
   110        -0.46618E-02        -0.39602E+01        -0.37642E-02
   113        -0.15384E-03        -0.44497E+01        -0.73726E-02
   116        -0.36334E-14        -0.45952E+01         0.36603E-02
   119         0.15384E-03        -0.44497E+01        -0.73726E-02
   122         0.46618E-02        -0.39602E+01        -0.37642E-02
   125         0.34951E-02        -0.33060E+01        -0.22422E-02
   128         0.37007E-02        -0.25844E+01        -0.15538E-02
   131         0.34881E-02        -0.18748E+01        -0.16260E-02
   134        -0.40409E-02        -0.23390E+01        -0.40163E-03
   137        -0.42741E-02        -0.29893E+01        -0.15584E-02
   140        -0.56670E-02        -0.37186E+01         0.32794E-04
   143        -0.46022E-02        -0.44124E+01        -0.59826E-02
   146        -0.12579E-01        -0.49651E+01        -0.17676E-02
   149         0.78934E-13        -0.52799E+01        -0.45178E-01
   152         0.12579E-01        -0.49651E+01        -0.17676E-02
   155         0.46022E-02        -0.44124E+01        -0.59826E-02
   158         0.56670E-02        -0.37186E+01         0.32794E-04
   161         0.42741E-02        -0.29893E+01        -0.15584E-02
   164         0.40409E-02        -0.23390E+01        -0.40163E-03
   167        -0.47564E-02        -0.24592E+01         0.56640E-13
   170        -0.36604E-02        -0.31384E+01         0.13295E-13
   173        -0.85766E-02        -0.38706E+01         0.21805E-13
   176        -0.30973E-03        -0.45806E+01         0.20457E-13
   179        -0.31973E-01        -0.52071E+01        -0.83284E-14
   182         0.20715E-13        -0.55033E+01         0.10329E-13
   185         0.31973E-01        -0.52071E+01         0.39708E-14
   188         0.30973E-03        -0.45806E+01        -0.24488E-13
   191         0.85766E-02        -0.38706E+01        -0.55465E-13
   194         0.36604E-02        -0.31384E+01        -0.46887E-13
   197         0.47564E-02        -0.24592E+01        -0.62186E-13
   200        -0.40409E-02        -0.23390E+01         0.40163E-03
   203        -0.42741E-02        -0.29893E+01         0.15584E-02
   206        -0.56670E-02        -0.37186E+01        -0.32794E-04
   209        -0.46022E-02        -0.44124E+01         0.59826E-02
   212        -0.12579E-01        -0.49651E+01         0.17676E-02
   215         0.64843E-13        -0.52799E+01         0.45178E-01
   218         0.12579E-01        -0.49651E+01         0.17676E-02
   221         0.46022E-02        -0.44124E+01         0.59826E-02
   224         0.56670E-02        -0.37186E+01        -0.32794E-04
   227         0.42741E-02        -0.29893E+01         0.15584E-02
   230         0.40409E-02        -0.23390E+01         0.40163E-03
   233        -0.34881E-02        -0.18748E+01         0.16260E-02
   236        -0.37007E-02        -0.25844E+01         0.15538E-02
   239        -0.34951E-02        -0.33060E+01         0.22422E-02
   242        -0.46618E-02        -0.39602E+01         0.37642E-02
   245        -0.15384E-03        -0.44497E+01         0.73726E-02
   248         0.66859E-13        -0.45952E+01        -0.36603E-02
   251         0.15384E-03        -0.44497E+01         0.73726E-02
   254         0.46618E-02        -0.39602E+01         0.37642E-02
   257         0.34951E-02        -0.33060E+01         0.22422E-02
   260         0.37007E-02        -0.25844E+01         0.15538E-02
   263         0.34881E-02        -0.18748E+01         0.16260E-02
   266        -0.26244E-02        -0.12965E+01         0.18968E-02
   269        -0.25255E-02        -0.19803E+01         0.16861E-02
   272        -0.27803E-02        -0.27131E+01         0.24646E-02
   275        -0.16398E-02        -0.33643E+01         0.37642E-02
   278        -0.30647E-02        -0.38094E+01         0.48463E-02
   281         0.63330E-13        -0.39959E+01         0.10930E-01
   284         0.30647E-02        -0.38094E+01         0.48463E-02
   287         0.16398E-02        -0.33643E+01         0.37642E-02
   290         0.27803E-02        -0.27131E+01         0.24646E-02
   293         0.25255E-02        -0.19803E+01         0.16861E-02
   296         0.26244E-02        -0.12965E+01         0.18968E-02
   299        -0.18062E-02        -0.53936E+00         0.11189E-02
   302        -0.16481E-02        -0.13218E+01         0.15134E-02
   305        -0.17585E-02        -0.20755E+01         0.25600E-02
   308        -0.20669E-02        -0.27307E+01         0.36329E-02
   311         0.24467E-03        -0.31776E+01         0.44508E-02
   314         0.84753E-13        -0.33191E+01         0.31538E-02
   317        -0.24467E-03        -0.31776E+01         0.44508E-02
   320         0.20669E-02        -0.27307E+01         0.36329E-02
   323         0.17585E-02        -0.20755E+01         0.25600E-02
   326         0.16481E-02        -0.13218E+01         0.15134E-02
   329         0.18062E-02        -0.53936E+00         0.11189E-02
   332         0.38366E-11         0.20234E-09        -0.40597E-11
   335        -0.17207E-02        -0.69332E+00         0.14725E-02
   338        -0.22168E-02        -0.14560E+01         0.25760E-02
   341        -0.15183E-02        -0.21341E+01         0.29823E-02
   344        -0.20096E-02        -0.25929E+01         0.40964E-02
   347         0.73762E-13        -0.27733E+01         0.77551E-02
   350         0.20096E-02        -0.25929E+01         0.40964E-02
   353         0.15183E-02        -0.21341E+01         0.29823E-02
   356         0.22168E-02        -0.14560E+01         0.25760E-02
   359         0.17207E-02        -0.69332E+00         0.14725E-02
   362        -0.38366E-11         0.20234E-09        -0.40597E-11
 Fx=  0.000000000000000E+000 Fy=  0.400000005960464      Fz=
  0.000000000000000E+000 bottom layer nodes
     3         0.44992E-09         0.14973E-09         0.49403E-09
     6        -0.42133E+00        -0.73514E+00        -0.35790E+00
     9        -0.39329E+00        -0.14443E+01        -0.36088E+00
    12        -0.33158E+00        -0.21208E+01        -0.34616E+00
    15        -0.18137E+00        -0.25725E+01        -0.33224E+00
    18        -0.17922E-12        -0.27222E+01        -0.31643E+00
    21         0.18137E+00        -0.25725E+01        -0.33224E+00
    24         0.33158E+00        -0.21208E+01        -0.34616E+00
    27         0.39329E+00        -0.14443E+01        -0.36088E+00
    30         0.42133E+00        -0.73514E+00        -0.35790E+00
    33        -0.44992E-09         0.14973E-09         0.49403E-09
    36        -0.48849E+00        -0.66918E+00        -0.30037E+00
    39        -0.38266E+00        -0.13060E+01        -0.35312E+00
    42        -0.43852E+00        -0.20737E+01        -0.39131E+00
    45        -0.33015E+00        -0.27134E+01        -0.37444E+00
    48        -0.18759E+00        -0.31557E+01        -0.37451E+00
    51        -0.86972E-13        -0.33270E+01        -0.37416E+00
    54         0.18759E+00        -0.31557E+01        -0.37451E+00
    57         0.33015E+00        -0.27134E+01        -0.37444E+00
    60         0.43852E+00        -0.20737E+01        -0.39131E+00
    63         0.38266E+00        -0.13060E+01        -0.35312E+00
    66         0.48849E+00        -0.66918E+00        -0.30037E+00
    69        -0.39259E+00        -0.12244E+01        -0.38536E+00
    72        -0.46643E+00        -0.19846E+01        -0.37734E+00
    75        -0.41121E+00        -0.27000E+01        -0.37075E+00
    78        -0.33791E+00        -0.33382E+01        -0.37843E+00
    81        -0.18551E+00        -0.37825E+01        -0.38583E+00
    84        -0.19210E-12        -0.39204E+01        -0.38534E+00
    87         0.18551E+00        -0.37825E+01        -0.38583E+00
    90         0.33791E+00        -0.33382E+01        -0.37843E+00
    93         0.41121E+00        -0.27000E+01        -0.37075E+00
    96         0.46643E+00        -0.19846E+01        -0.37734E+00
    99         0.39259E+00        -0.12244E+01        -0.38536E+00
   102        -0.43576E+00        -0.19149E+01        -0.29708E+00
   105        -0.42261E+00        -0.25603E+01        -0.30181E+00
   108        -0.42880E+00        -0.32822E+01        -0.30701E+00
   111        -0.34616E+00        -0.39297E+01        -0.31786E+00
   114        -0.20559E+00        -0.44019E+01        -0.34268E+00
   117        -0.96357E-13        -0.46117E+01        -0.37312E+00
   120         0.20559E+00        -0.44019E+01        -0.34268E+00
   123         0.34616E+00        -0.39297E+01        -0.31786E+00
   126         0.42880E+00        -0.32822E+01        -0.30701E+00
   129         0.42261E+00        -0.25603E+01        -0.30181E+00
   132         0.43576E+00        -0.19149E+01        -0.29708E+00
   135        -0.38748E+00        -0.22786E+01        -0.17238E+00
   138        -0.43781E+00        -0.29718E+01        -0.16846E+00
   141        -0.42854E+00        -0.36905E+01        -0.17215E+00
   144        -0.37472E+00        -0.43693E+01        -0.18767E+00
   147        -0.23658E+00        -0.49176E+01        -0.22158E+00
   150        -0.13399E-12        -0.51200E+01        -0.22068E+00
   153         0.23658E+00        -0.49176E+01        -0.22158E+00
   156         0.37472E+00        -0.43693E+01        -0.18767E+00
   159         0.42854E+00        -0.36905E+01        -0.17215E+00
   162         0.43781E+00        -0.29718E+01        -0.16846E+00
   165         0.38748E+00        -0.22786E+01        -0.17238E+00
   168        -0.40531E+00        -0.24751E+01         0.13670E-12
   171        -0.42282E+00        -0.31110E+01         0.26842E-12
   174        -0.44001E+00        -0.38364E+01         0.46087E-12
   177        -0.38597E+00        -0.45418E+01         0.68680E-12
   180        -0.25557E+00        -0.51139E+01         0.88375E-12
   183        -0.50823E-13        -0.54645E+01         0.95645E-12
   186         0.25557E+00        -0.51139E+01         0.95221E-12
   189         0.38597E+00        -0.45418E+01         0.82315E-12
   192         0.44001E+00        -0.38364E+01         0.65877E-12
   195         0.42282E+00        -0.31110E+01         0.40590E-12
   198         0.40531E+00        -0.24751E+01         0.32023E-12
   201        -0.38748E+00        -0.22786E+01         0.17238E+00
   204        -0.43781E+00        -0.29718E+01         0.16846E+00
   207        -0.42854E+00        -0.36905E+01         0.17215E+00
   210        -0.37472E+00        -0.43693E+01         0.18767E+00
   213        -0.23658E+00        -0.49176E+01         0.22158E+00
   216        -0.15344E-13        -0.51200E+01         0.22068E+00
   219         0.23658E+00        -0.49176E+01         0.22158E+00
   222         0.37472E+00        -0.43693E+01         0.18767E+00
   225         0.42854E+00        -0.36905E+01         0.17215E+00
   228         0.43781E+00        -0.29718E+01         0.16846E+00
   231         0.38748E+00        -0.22786E+01         0.17238E+00
   234        -0.43576E+00        -0.19149E+01         0.29708E+00
   237        -0.42261E+00        -0.25603E+01         0.30181E+00
   240        -0.42880E+00        -0.32822E+01         0.30701E+00
   243        -0.34616E+00        -0.39297E+01         0.31786E+00
   246        -0.20559E+00        -0.44019E+01         0.34268E+00
   249         0.12559E-14        -0.46117E+01         0.37312E+00
   252         0.20559E+00        -0.44019E+01         0.34268E+00
   255         0.34616E+00        -0.39297E+01         0.31786E+00
   258         0.42880E+00        -0.32822E+01         0.30701E+00
   261         0.42261E+00        -0.25603E+01         0.30181E+00
   264         0.43576E+00        -0.19149E+01         0.29708E+00
   267        -0.39259E+00        -0.12244E+01         0.38536E+00
   270        -0.46643E+00        -0.19846E+01         0.37734E+00
   273        -0.41121E+00        -0.27000E+01         0.37075E+00
   276        -0.33791E+00        -0.33382E+01         0.37843E+00
   279        -0.18551E+00        -0.37825E+01         0.38583E+00
   282         0.25225E-13        -0.39204E+01         0.38534E+00
   285         0.18551E+00        -0.37825E+01         0.38583E+00
   288         0.33791E+00        -0.33382E+01         0.37843E+00
   291         0.41121E+00        -0.27000E+01         0.37075E+00
   294         0.46643E+00        -0.19846E+01         0.37734E+00
   297         0.39259E+00        -0.12244E+01         0.38536E+00
   300        -0.48849E+00        -0.66918E+00         0.30037E+00
   303        -0.38266E+00        -0.13060E+01         0.35312E+00
   306        -0.43852E+00        -0.20737E+01         0.39131E+00
   309        -0.33015E+00        -0.27134E+01         0.37444E+00
   312        -0.18759E+00        -0.31557E+01         0.37451E+00
   315        -0.62912E-14        -0.33270E+01         0.37416E+00
   318         0.18759E+00        -0.31557E+01         0.37451E+00
   321         0.33015E+00        -0.27134E+01         0.37444E+00
   324         0.43852E+00        -0.20737E+01         0.39131E+00
   327         0.38266E+00        -0.13060E+01         0.35312E+00
   330         0.48849E+00        -0.66918E+00         0.30037E+00
   333         0.44992E-09         0.14973E-09        -0.49403E-09
   336        -0.42133E+00        -0.73514E+00         0.35790E+00
   339        -0.39329E+00        -0.14443E+01         0.36088E+00
   342        -0.33158E+00        -0.21208E+01         0.34616E+00
   345        -0.18137E+00        -0.25725E+01         0.33224E+00
   348         0.18727E-14        -0.27222E+01         0.31643E+00
   351         0.18137E+00        -0.25725E+01         0.33224E+00
   354         0.33158E+00        -0.21208E+01         0.34616E+00
   357         0.39329E+00        -0.14443E+01         0.36088E+00
   360         0.42133E+00        -0.73514E+00         0.35790E+00
   363        -0.44992E-09         0.14973E-09        -0.49403E-09
 Fx=  0.000000000000000E+000 Fy=  0.400000005960464      Fz=
  0.000000000000000E+000 all nodes
     1        -0.44792E-09         0.14830E-09        -0.49177E-09
 time_begin=  1.560010000000000E-002
 time_end=   660.165031800000     
     2         0.38366E-11         0.20234E-09         0.40597E-11
 time_begin=  1.560010000000000E-002
 time_end=   660.165031800000     
     3         0.44992E-09         0.14973E-09         0.49403E-09
 time_begin=  1.560010000000000E-002
 time_end=   660.165031800000     
     4         0.41822E+00        -0.73457E+00         0.35524E+00
 time_begin=  1.560010000000000E-002
 time_end=   660.165031800000     
     5        -0.17207E-02        -0.69332E+00        -0.14725E-02
 time_begin=  1.560010000000000E-002
 time_end=   660.165031800000     
     6        -0.42133E+00        -0.73514E+00        -0.35790E+00
 time_begin=  1.560010000000000E-002
 time_end=   660.165031800000     
     7         0.38919E+00        -0.14443E+01         0.35592E+00
 time_begin=  1.560010000000000E-002
 time_end=   660.165031800000     
     8        -0.22168E-02        -0.14560E+01        -0.25760E-02
 time_begin=  1.560010000000000E-002
 time_end=   660.165031800000     
     9        -0.39329E+00        -0.14443E+01        -0.36088E+00
 time_begin=  1.560010000000000E-002
 time_end=   660.165031800000     
    10         0.32782E+00        -0.21210E+01         0.33981E+00
 time_begin=  1.560010000000000E-002
 time_end=   660.165031800000     
    11        -0.15183E-02        -0.21341E+01        -0.29823E-02
 time_begin=  1.560010000000000E-002
 time_end=   660.165031800000     
    12        -0.33158E+00        -0.21208E+01        -0.34616E+00
 time_begin=  1.560010000000000E-002
 time_end=   660.165031800000     
    13         0.17975E+00        -0.25708E+01         0.32624E+00
 time_begin=  1.560010000000000E-002
 time_end=   660.165031800000     
    14        -0.20096E-02        -0.25929E+01        -0.40964E-02
 time_begin=  1.560010000000000E-002
 time_end=   660.165031800000     
    15        -0.18137E+00        -0.25725E+01        -0.33224E+00
 time_begin=  1.560010000000000E-002
 time_end=   660.165031800000     
    16         0.21538E-13        -0.27111E+01         0.31569E+00
 time_begin=  1.560010000000000E-002
 time_end=   660.165031800000     
    17        -0.67724E-14        -0.27733E+01        -0.77551E-02
 time_begin=  1.560010000000000E-002
 time_end=   660.165031800000     
    18        -0.17922E-12        -0.27222E+01        -0.31643E+00
 time_begin=  1.560010000000000E-002
 time_end=   660.165031800000     
    19        -0.17975E+00        -0.25708E+01         0.32624E+00
 time_begin=  1.560010000000000E-002
 time_end=   660.165031800000     
    20         0.20096E-02        -0.25929E+01        -0.40964E-02
 time_begin=  1.560010000000000E-002
 time_end=   660.165031800000     
    21         0.18137E+00        -0.25725E+01        -0.33224E+00
 time_begin=  1.560010000000000E-002
 time_end=   660.165031800000     
    22        -0.32782E+00        -0.21210E+01         0.33981E+00
 time_begin=  1.560010000000000E-002
 time_end=   660.165031800000     
    23         0.15183E-02        -0.21341E+01        -0.29823E-02
 time_begin=  1.560010000000000E-002
 time_end=   660.165031800000     
    24         0.33158E+00        -0.21208E+01        -0.34616E+00
 time_begin=  1.560010000000000E-002
 time_end=   660.165031800000     
    25        -0.38919E+00        -0.14443E+01         0.35592E+00
 time_begin=  1.560010000000000E-002
 time_end=   660.165031800000     
    26         0.22168E-02        -0.14560E+01        -0.25760E-02
 time_begin=  1.560010000000000E-002
 time_end=   660.165031800000     
    27         0.39329E+00        -0.14443E+01        -0.36088E+00
 time_begin=  1.560010000000000E-002
 time_end=   660.165031800000     
    28        -0.41822E+00        -0.73457E+00         0.35524E+00
 time_begin=  1.560010000000000E-002
 time_end=   660.165031800000     
    29         0.17207E-02        -0.69332E+00        -0.14725E-02
 time_begin=  1.560010000000000E-002
 time_end=   660.165031800000     
    30         0.42133E+00        -0.73514E+00        -0.35790E+00
 time_begin=  1.560010000000000E-002
 time_end=   660.165031800000     
    31         0.44792E-09         0.14830E-09        -0.49177E-09
 time_begin=  1.560010000000000E-002
 time_end=   660.165031800000     
    32        -0.38366E-11         0.20234E-09         0.40597E-11
 time_begin=  1.560010000000000E-002
 time_end=   660.165031800000     
    33        -0.44992E-09         0.14973E-09         0.49403E-09
 time_begin=  1.560010000000000E-002
 time_end=   660.165031800000     
    34         0.48441E+00        -0.66826E+00         0.29789E+00
 time_begin=  1.560010000000000E-002
 time_end=   660.165031800000     
    35        -0.18062E-02        -0.53936E+00        -0.11189E-02
 time_begin=  1.560010000000000E-002
 time_end=   660.165031800000     
    36        -0.48849E+00        -0.66918E+00        -0.30037E+00
 time_begin=  1.560010000000000E-002
 time_end=   660.165031800000     
    37         0.37971E+00        -0.13058E+01         0.35032E+00
 time_begin=  1.560010000000000E-002
 time_end=   660.165031800000     
    38        -0.16481E-02        -0.13218E+01        -0.15134E-02
 time_begin=  1.560010000000000E-002
 time_end=   660.165031800000     
    39        -0.38266E+00        -0.13060E+01        -0.35312E+00
 time_begin=  1.560010000000000E-002
 time_end=   660.165031800000     
    40         0.43476E+00        -0.20737E+01         0.38614E+00
 time_begin=  1.560010000000000E-002
 time_end=   660.165031800000     
    41        -0.17585E-02        -0.20755E+01        -0.25600E-02
 time_begin=  1.560010000000000E-002
 time_end=   660.165031800000     
    42        -0.43852E+00        -0.20737E+01        -0.39131E+00
 time_begin=  1.560010000000000E-002
 time_end=   660.165031800000     
    43         0.32718E+00        -0.27133E+01         0.36720E+00
 time_begin=  1.560010000000000E-002
 time_end=   660.165031800000     
    44        -0.20669E-02        -0.27307E+01        -0.36329E-02
 time_begin=  1.560010000000000E-002
 time_end=   660.165031800000     
    45        -0.33015E+00        -0.27134E+01        -0.37444E+00
 time_begin=  1.560010000000000E-002
 time_end=   660.165031800000     
    46         0.18481E+00        -0.31562E+01         0.36505E+00
 time_begin=  1.560010000000000E-002
 time_end=   660.165031800000     
    47         0.24467E-03        -0.31776E+01        -0.44508E-02
 time_begin=  1.560010000000000E-002
 time_end=   660.165031800000     
    48        -0.18759E+00        -0.31557E+01        -0.37451E+00
 time_begin=  1.560010000000000E-002
 time_end=   660.165031800000     
    49         0.13899E-12        -0.33371E+01         0.36207E+00
 time_begin=  1.560010000000000E-002
 time_end=   660.165031800000     
    50        -0.27645E-13        -0.33191E+01        -0.31538E-02
 time_begin=  1.560010000000000E-002
 time_end=   660.165031800000     
    51        -0.86972E-13        -0.33270E+01        -0.37416E+00
 time_begin=  1.560010000000000E-002
 time_end=   660.165031800000     
    52        -0.18481E+00        -0.31562E+01         0.36505E+00
 time_begin=  1.560010000000000E-002
 time_end=   660.165031800000     
    53        -0.24467E-03        -0.31776E+01        -0.44508E-02
 time_begin=  1.560010000000000E-002
 time_end=   660.165031800000     
    54         0.18759E+00        -0.31557E+01        -0.37451E+00
 time_begin=  1.560010000000000E-002
 time_end=   660.165031800000     
    55        -0.32718E+00        -0.27133E+01         0.36720E+00
 time_begin=  1.560010000000000E-002
 time_end=   660.165031800000     
    56         0.20669E-02        -0.27307E+01        -0.36329E-02
 time_begin=  1.560010000000000E-002
 time_end=   660.165031800000     
    57         0.33015E+00        -0.27134E+01        -0.37444E+00
 time_begin=  1.560010000000000E-002
 time_end=   660.165031800000     
    58        -0.43476E+00        -0.20737E+01         0.38614E+00
 time_begin=  1.560010000000000E-002
 time_end=   660.165031800000     
    59         0.17585E-02        -0.20755E+01        -0.25600E-02
 time_begin=  1.560010000000000E-002
 time_end=   660.165031800000     
    60         0.43852E+00        -0.20737E+01        -0.39131E+00
 time_begin=  1.560010000000000E-002
 time_end=   660.165031800000     
    61        -0.37971E+00        -0.13058E+01         0.35032E+00
 time_begin=  1.560010000000000E-002
 time_end=   660.165031800000     
    62         0.16481E-02        -0.13218E+01        -0.15134E-02
 time_begin=  1.560010000000000E-002
 time_end=   660.165031800000     
    63         0.38266E+00        -0.13060E+01        -0.35312E+00
 time_begin=  1.560010000000000E-002
 time_end=   660.165031800000     
    64        -0.48441E+00        -0.66826E+00         0.29789E+00
 time_begin=  1.560010000000000E-002
 time_end=   660.165031800000     
    65         0.18062E-02        -0.53936E+00        -0.11189E-02
 time_begin=  1.560010000000000E-002
 time_end=   660.165031800000     
    66         0.48849E+00        -0.66918E+00        -0.30037E+00
 time_begin=  1.560010000000000E-002
 time_end=   660.165031800000     
    67         0.38791E+00        -0.12245E+01         0.38143E+00
 time_begin=  1.560010000000000E-002
 time_end=   660.165031800000     
    68        -0.26244E-02        -0.12965E+01        -0.18968E-02
 time_begin=  1.560010000000000E-002
 time_end=   660.165031800000     
    69        -0.39259E+00        -0.12244E+01        -0.38536E+00
 time_begin=  1.560010000000000E-002
 time_end=   660.165031800000     
    70         0.46113E+00        -0.19846E+01         0.37412E+00
 time_begin=  1.560010000000000E-002
 time_end=   660.165031800000     
    71        -0.25255E-02        -0.19803E+01        -0.16861E-02
 time_begin=  1.560010000000000E-002
 time_end=   660.165031800000     
    72        -0.46643E+00        -0.19846E+01        -0.37734E+00
 time_begin=  1.560010000000000E-002
 time_end=   660.165031800000     
    73         0.40641E+00        -0.27002E+01         0.36563E+00
 time_begin=  1.560010000000000E-002
 time_end=   660.165031800000     
    74        -0.27803E-02        -0.27131E+01        -0.24646E-02
 time_begin=  1.560010000000000E-002
 time_end=   660.165031800000     
    75        -0.41121E+00        -0.27000E+01        -0.37075E+00
 time_begin=  1.560010000000000E-002
 time_end=   660.165031800000     
    76         0.33303E+00        -0.33383E+01         0.37086E+00
 time_begin=  1.560010000000000E-002
 time_end=   660.165031800000     
    77        -0.16398E-02        -0.33643E+01        -0.37642E-02
 time_begin=  1.560010000000000E-002
 time_end=   660.165031800000     
    78        -0.33791E+00        -0.33382E+01        -0.37843E+00
 time_begin=  1.560010000000000E-002
 time_end=   660.165031800000     
    79         0.18350E+00        -0.37831E+01         0.37580E+00
 time_begin=  1.560010000000000E-002
 time_end=   660.165031800000     
    80        -0.30647E-02        -0.38094E+01        -0.48463E-02
 time_begin=  1.560010000000000E-002
 time_end=   660.165031800000     
    81        -0.18551E+00        -0.37825E+01        -0.38583E+00
 time_begin=  1.560010000000000E-002
 time_end=   660.165031800000     
    82         0.13937E-12        -0.39027E+01         0.37733E+00
 time_begin=  1.560010000000000E-002
 time_end=   660.165031800000     
    83         0.71682E-13        -0.39959E+01        -0.10930E-01
 time_begin=  1.560010000000000E-002
 time_end=   660.165031800000     
    84        -0.19210E-12        -0.39204E+01        -0.38534E+00
 time_begin=  1.560010000000000E-002
 time_end=   660.165031800000     
    85        -0.18350E+00        -0.37831E+01         0.37580E+00
 time_begin=  1.560010000000000E-002
 time_end=   660.165031800000     
    86         0.30647E-02        -0.38094E+01        -0.48463E-02
 time_begin=  1.560010000000000E-002
 time_end=   660.165031800000     
    87         0.18551E+00        -0.37825E+01        -0.38583E+00
 time_begin=  1.560010000000000E-002
 time_end=   660.165031800000     
    88        -0.33303E+00        -0.33383E+01         0.37086E+00
 time_begin=  1.560010000000000E-002
 time_end=   660.165031800000     
    89         0.16398E-02        -0.33643E+01        -0.37642E-02
 time_begin=  1.560010000000000E-002
 time_end=   660.165031800000     
    90         0.33791E+00        -0.33382E+01        -0.37843E+00
 time_begin=  1.560010000000000E-002
 time_end=   660.165031800000     
    91        -0.40641E+00        -0.27002E+01         0.36563E+00
 time_begin=  1.560010000000000E-002
 time_end=   660.165031800000     
    92         0.27803E-02        -0.27131E+01        -0.24646E-02
 time_begin=  1.560010000000000E-002
 time_end=   660.165031800000     
    93         0.41121E+00        -0.27000E+01        -0.37075E+00
 time_begin=  1.560010000000000E-002
 time_end=   660.180631900000     
    94        -0.46113E+00        -0.19846E+01         0.37412E+00
 time_begin=  1.560010000000000E-002
 time_end=   660.180631900000     
    95         0.25255E-02        -0.19803E+01        -0.16861E-02
 time_begin=  1.560010000000000E-002
 time_end=   660.180631900000     
    96         0.46643E+00        -0.19846E+01        -0.37734E+00
 time_begin=  1.560010000000000E-002
 time_end=   660.180631900000     
    97        -0.38791E+00        -0.12245E+01         0.38143E+00
 time_begin=  1.560010000000000E-002
 time_end=   660.180631900000     
    98         0.26244E-02        -0.12965E+01        -0.18968E-02
 time_begin=  1.560010000000000E-002
 time_end=   660.180631900000     
    99         0.39259E+00        -0.12244E+01        -0.38536E+00
 time_begin=  1.560010000000000E-002
 time_end=   660.180631900000     
   100         0.42833E+00        -0.19151E+01         0.29376E+00
 time_begin=  1.560010000000000E-002
 time_end=   660.180631900000     
   101        -0.34881E-02        -0.18748E+01        -0.16260E-02
 time_begin=  1.560010000000000E-002
 time_end=   660.180631900000     
   102        -0.43576E+00        -0.19149E+01        -0.29708E+00
 time_begin=  1.560010000000000E-002
 time_end=   660.180631900000     
   103         0.41540E+00        -0.25604E+01         0.29867E+00
 time_begin=  1.560010000000000E-002
 time_end=   660.180631900000     
   104        -0.37007E-02        -0.25844E+01        -0.15538E-02
 time_begin=  1.560010000000000E-002
 time_end=   660.180631900000     
   105        -0.42261E+00        -0.25603E+01        -0.30181E+00
 time_begin=  1.560010000000000E-002
 time_end=   660.180631900000     
   106         0.42097E+00        -0.32822E+01         0.30282E+00
 time_begin=  1.560010000000000E-002
 time_end=   660.180631900000     
   107        -0.34951E-02        -0.33060E+01        -0.22422E-02
 time_begin=  1.560010000000000E-002
 time_end=   660.180631900000     
   108        -0.42880E+00        -0.32822E+01        -0.30701E+00
 time_begin=  1.560010000000000E-002
 time_end=   660.180631900000     
   109         0.33896E+00        -0.39320E+01         0.30922E+00
 time_begin=  1.560010000000000E-002
 time_end=   660.180631900000     
   110        -0.46618E-02        -0.39602E+01        -0.37642E-02
 time_begin=  1.560010000000000E-002
 time_end=   660.180631900000     
   111        -0.34616E+00        -0.39297E+01        -0.31786E+00
 time_begin=  1.560010000000000E-002
 time_end=   660.180631900000     
   112         0.19887E+00        -0.43982E+01         0.33095E+00
 time_begin=  1.560010000000000E-002
 time_end=   660.180631900000     
   113        -0.15384E-03        -0.44497E+01        -0.73726E-02
 time_begin=  1.560010000000000E-002
 time_end=   660.180631900000     
   114        -0.20559E+00        -0.44019E+01        -0.34268E+00
 time_begin=  1.560010000000000E-002
 time_end=   660.180631900000     
   115         0.25940E-12        -0.46486E+01         0.34624E+00
 time_begin=  1.560010000000000E-002
 time_end=   660.180631900000     
   116        -0.36334E-14        -0.45952E+01         0.36603E-02
 time_begin=  1.560010000000000E-002
 time_end=   660.180631900000     
   117        -0.96357E-13        -0.46117E+01        -0.37312E+00
 time_begin=  1.560010000000000E-002
 time_end=   660.180631900000     
   118        -0.19887E+00        -0.43982E+01         0.33095E+00
 time_begin=  1.560010000000000E-002
 time_end=   660.180631900000     
   119         0.15384E-03        -0.44497E+01        -0.73726E-02
 time_begin=  1.560010000000000E-002
 time_end=   660.180631900000     
   120         0.20559E+00        -0.44019E+01        -0.34268E+00
 time_begin=  1.560010000000000E-002
 time_end=   660.180631900000     
   121        -0.33896E+00        -0.39320E+01         0.30922E+00
 time_begin=  1.560010000000000E-002
 time_end=   660.180631900000     
   122         0.46618E-02        -0.39602E+01        -0.37642E-02
 time_begin=  1.560010000000000E-002
 time_end=   660.180631900000     
   123         0.34616E+00        -0.39297E+01        -0.31786E+00
 time_begin=  1.560010000000000E-002
 time_end=   660.180631900000     
   124        -0.42097E+00        -0.32822E+01         0.30282E+00
 time_begin=  1.560010000000000E-002
 time_end=   660.180631900000     
   125         0.34951E-02        -0.33060E+01        -0.22422E-02
 time_begin=  1.560010000000000E-002
 time_end=   660.180631900000     
   126         0.42880E+00        -0.32822E+01        -0.30701E+00
 time_begin=  1.560010000000000E-002
 time_end=   660.180631900000     
   127        -0.41540E+00        -0.25604E+01         0.29867E+00
 time_begin=  1.560010000000000E-002
 time_end=   660.180631900000     
   128         0.37007E-02        -0.25844E+01        -0.15538E-02
 time_begin=  1.560010000000000E-002
 time_end=   660.180631900000     
   129         0.42261E+00        -0.25603E+01        -0.30181E+00
 time_begin=  1.560010000000000E-002
 time_end=   660.180631900000     
   130        -0.42833E+00        -0.19151E+01         0.29376E+00
 time_begin=  1.560010000000000E-002
 time_end=   660.180631900000     
   131         0.34881E-02        -0.18748E+01        -0.16260E-02
 time_begin=  1.560010000000000E-002
 time_end=   660.180631900000     
   132         0.43576E+00        -0.19149E+01        -0.29708E+00
 time_begin=  1.560010000000000E-002
 time_end=   660.180631900000     
   133         0.37929E+00        -0.22804E+01         0.17075E+00
 time_begin=  1.560010000000000E-002
 time_end=   660.180631900000     
   134        -0.40409E-02        -0.23390E+01        -0.40163E-03
 time_begin=  1.560010000000000E-002
 time_end=   660.180631900000     
   135        -0.38748E+00        -0.22786E+01        -0.17238E+00
 time_begin=  1.560010000000000E-002
 time_end=   660.180631900000     
   136         0.42866E+00        -0.29704E+01         0.16634E+00
 time_begin=  1.560010000000000E-002
 time_end=   660.180631900000     
   137        -0.42741E-02        -0.29893E+01        -0.15584E-02
 time_begin=  1.560010000000000E-002
 time_end=   660.180631900000     
   138        -0.43781E+00        -0.29718E+01        -0.16846E+00
 time_begin=  1.560010000000000E-002
 time_end=   660.180631900000     
   139         0.41834E+00        -0.36938E+01         0.16947E+00
 time_begin=  1.560010000000000E-002
 time_end=   660.180631900000     
   140        -0.56670E-02        -0.37186E+01         0.32794E-04
 time_begin=  1.560010000000000E-002
 time_end=   660.180631900000     
   141        -0.42854E+00        -0.36905E+01        -0.17215E+00
 time_begin=  1.560010000000000E-002
 time_end=   660.180631900000     
   142         0.36121E+00        -0.43612E+01         0.18140E+00
 time_begin=  1.560010000000000E-002
 time_end=   660.180631900000     
   143        -0.46022E-02        -0.44124E+01        -0.59826E-02
 time_begin=  1.560010000000000E-002
 time_end=   660.180631900000     
   144        -0.37472E+00        -0.43693E+01        -0.18767E+00
 time_begin=  1.560010000000000E-002
 time_end=   660.180631900000     
   145         0.22540E+00        -0.49375E+01         0.20558E+00
 time_begin=  1.560010000000000E-002
 time_end=   660.180631900000     
   146        -0.12579E-01        -0.49651E+01        -0.17676E-02
 time_begin=  1.560010000000000E-002
 time_end=   660.180631900000     
   147        -0.23658E+00        -0.49176E+01        -0.22158E+00
 time_begin=  1.560010000000000E-002
 time_end=   660.180631900000     
   148         0.20911E-12        -0.50451E+01         0.22487E+00
 time_begin=  1.560010000000000E-002
 time_end=   660.180631900000     
   149         0.78934E-13        -0.52799E+01        -0.45178E-01
 time_begin=  1.560010000000000E-002
 time_end=   660.180631900000     
   150        -0.13399E-12        -0.51200E+01        -0.22068E+00
 time_begin=  1.560010000000000E-002
 time_end=   660.180631900000     
   151        -0.22540E+00        -0.49375E+01         0.20558E+00
 time_begin=  1.560010000000000E-002
 time_end=   660.180631900000     
   152         0.12579E-01        -0.49651E+01        -0.17676E-02
 time_begin=  1.560010000000000E-002
 time_end=   660.180631900000     
   153         0.23658E+00        -0.49176E+01        -0.22158E+00
 time_begin=  1.560010000000000E-002
 time_end=   660.180631900000     
   154        -0.36121E+00        -0.43612E+01         0.18140E+00
 time_begin=  1.560010000000000E-002
 time_end=   660.180631900000     
   155         0.46022E-02        -0.44124E+01        -0.59826E-02
 time_begin=  1.560010000000000E-002
 time_end=   660.180631900000     
   156         0.37472E+00        -0.43693E+01        -0.18767E+00
 time_begin=  1.560010000000000E-002
 time_end=   660.180631900000     
   157        -0.41834E+00        -0.36938E+01         0.16947E+00
 time_begin=  1.560010000000000E-002
 time_end=   660.180631900000     
   158         0.56670E-02        -0.37186E+01         0.32794E-04
 time_begin=  1.560010000000000E-002
 time_end=   660.180631900000     
   159         0.42854E+00        -0.36905E+01        -0.17215E+00
 time_begin=  1.560010000000000E-002
 time_end=   660.180631900000     
   160        -0.42866E+00        -0.29704E+01         0.16634E+00
 time_begin=  1.560010000000000E-002
 time_end=   660.180631900000     
   161         0.42741E-02        -0.29893E+01        -0.15584E-02
 time_begin=  1.560010000000000E-002
 time_end=   660.180631900000     
   162         0.43781E+00        -0.29718E+01        -0.16846E+00
 time_begin=  1.560010000000000E-002
 time_end=   660.180631900000     
   163        -0.37929E+00        -0.22804E+01         0.17075E+00
 time_begin=  1.560010000000000E-002
 time_end=   660.180631900000     
   164         0.40409E-02        -0.23390E+01        -0.40163E-03
 time_begin=  1.560010000000000E-002
 time_end=   660.180631900000     
   165         0.38748E+00        -0.22786E+01        -0.17238E+00
 time_begin=  1.560010000000000E-002
 time_end=   660.180631900000     
   166         0.39745E+00        -0.24743E+01        -0.13446E-12
 time_begin=  1.560010000000000E-002
 time_end=   660.180631900000     
   167        -0.47564E-02        -0.24592E+01         0.56640E-13
 time_begin=  1.560010000000000E-002
 time_end=   660.180631900000     
   168        -0.40531E+00        -0.24751E+01         0.13670E-12
 time_begin=  1.560010000000000E-002
 time_end=   660.180631900000     
   169         0.41285E+00        -0.31131E+01        -0.20321E-12
 time_begin=  1.560010000000000E-002
 time_end=   660.180631900000     
   170        -0.36604E-02        -0.31384E+01         0.13295E-13
 time_begin=  1.560010000000000E-002
 time_end=   660.180631900000     
   171        -0.42282E+00        -0.31110E+01         0.26842E-12
 time_begin=  1.560010000000000E-002
 time_end=   660.180631900000     
   172         0.42975E+00        -0.38295E+01        -0.44821E-12
 time_begin=  1.560010000000000E-002
 time_end=   660.180631900000     
   173        -0.85766E-02        -0.38706E+01         0.21805E-13
 time_begin=  1.560010000000000E-002
 time_end=   660.180631900000     
   174        -0.44001E+00        -0.38364E+01         0.46087E-12
 time_begin=  1.560010000000000E-002
 time_end=   660.180631900000     
   175         0.36670E+00        -0.45622E+01        -0.71191E-12
 time_begin=  1.560010000000000E-002
 time_end=   660.180631900000     
   176        -0.30973E-03        -0.45806E+01         0.20457E-13
 time_begin=  1.560010000000000E-002
 time_end=   660.180631900000     
   177        -0.38597E+00        -0.45418E+01         0.68680E-12
 time_begin=  1.560010000000000E-002
 time_end=   660.180631900000     
   178         0.24500E+00        -0.50680E+01        -0.79412E-12
 time_begin=  1.560010000000000E-002
 time_end=   660.180631900000     
   179        -0.31973E-01        -0.52071E+01        -0.83284E-14
 time_begin=  1.560010000000000E-002
 time_end=   660.180631900000     
   180        -0.25557E+00        -0.51139E+01         0.88375E-12
 time_begin=  1.560010000000000E-002
 time_end=   660.180631900000     
   181         0.22651E-12        -0.58171E+01        -0.93503E-12
 time_begin=  1.560010000000000E-002
 time_end=   660.180631900000     
   182         0.20715E-13        -0.55033E+01         0.10329E-13
 time_begin=  1.560010000000000E-002
 time_end=   660.180631900000     
   183        -0.50823E-13        -0.54645E+01         0.95645E-12
 time_begin=  1.560010000000000E-002
 time_end=   660.180631900000     
   184        -0.24500E+00        -0.50680E+01        -0.98867E-12
 time_begin=  1.560010000000000E-002
 time_end=   660.180631900000     
   185         0.31973E-01        -0.52071E+01         0.39708E-14
 time_begin=  1.560010000000000E-002
 time_end=   660.180631900000     
   186         0.25557E+00        -0.51139E+01         0.95221E-12
 time_begin=  1.560010000000000E-002
 time_end=   660.180631900000     
   187        -0.36670E+00        -0.45622E+01        -0.93386E-12
 time_begin=  1.560010000000000E-002
 time_end=   660.180631900000     
   188         0.30973E-03        -0.45806E+01        -0.24488E-13
 time_begin=  1.560010000000000E-002
 time_end=   660.180631900000     
   189         0.38597E+00        -0.45418E+01         0.82315E-12
 time_begin=  1.560010000000000E-002
 time_end=   660.180631900000     
   190        -0.42975E+00        -0.38295E+01        -0.72095E-12
 time_begin=  1.560010000000000E-002
 time_end=   660.180631900000     
   191         0.85766E-02        -0.38706E+01        -0.55465E-13
 time_begin=  1.560010000000000E-002
 time_end=   660.180631900000     
   192         0.44001E+00        -0.38364E+01         0.65877E-12
 time_begin=  1.560010000000000E-002
 time_end=   660.180631900000     
   193        -0.41285E+00        -0.31131E+01        -0.51199E-12
 time_begin=  1.560010000000000E-002
 time_end=   660.180631900000     
   194         0.36604E-02        -0.31384E+01        -0.46887E-13
 time_begin=  1.560010000000000E-002
 time_end=   660.180631900000     
   195         0.42282E+00        -0.31110E+01         0.40590E-12
 time_begin=  1.560010000000000E-002
 time_end=   660.180631900000     
   196        -0.39745E+00        -0.24743E+01        -0.41281E-12
 time_begin=  1.560010000000000E-002
 time_end=   660.180631900000     
   197         0.47564E-02        -0.24592E+01        -0.62186E-13
 time_begin=  1.560010000000000E-002
 time_end=   660.180631900000     
   198         0.40531E+00        -0.24751E+01         0.32023E-12
 time_begin=  1.560010000000000E-002
 time_end=   660.180631900000     
   199         0.37929E+00        -0.22804E+01        -0.17075E+00
 time_begin=  1.560010000000000E-002
 time_end=   660.180631900000     
   200        -0.40409E-02        -0.23390E+01         0.40163E-03
 time_begin=  1.560010000000000E-002
 time_end=   660.180631900000     
   201        -0.38748E+00        -0.22786E+01         0.17238E+00
 time_begin=  1.560010000000000E-002
 time_end=   660.180631900000     
   202         0.42866E+00        -0.29704E+01        -0.16634E+00
 time_begin=  1.560010000000000E-002
 time_end=   660.180631900000     
   203        -0.42741E-02        -0.29893E+01         0.15584E-02
 time_begin=  1.560010000000000E-002
 time_end=   660.180631900000     
   204        -0.43781E+00        -0.29718E+01         0.16846E+00
 time_begin=  1.560010000000000E-002
 time_end=   660.180631900000     
   205         0.41834E+00        -0.36938E+01        -0.16947E+00
 time_begin=  1.560010000000000E-002
 time_end=   660.180631900000     
   206        -0.56670E-02        -0.37186E+01        -0.32794E-04
 time_begin=  1.560010000000000E-002
 time_end=   660.180631900000     
   207        -0.42854E+00        -0.36905E+01         0.17215E+00
 time_begin=  1.560010000000000E-002
 time_end=   660.180631900000     
   208         0.36121E+00        -0.43612E+01        -0.18140E+00
 time_begin=  1.560010000000000E-002
 time_end=   660.180631900000     
   209        -0.46022E-02        -0.44124E+01         0.59826E-02
 time_begin=  1.560010000000000E-002
 time_end=   660.180631900000     
   210        -0.37472E+00        -0.43693E+01         0.18767E+00
 time_begin=  1.560010000000000E-002
 time_end=   660.180631900000     
   211         0.22540E+00        -0.49375E+01        -0.20558E+00
 time_begin=  1.560010000000000E-002
 time_end=   660.180631900000     
   212        -0.12579E-01        -0.49651E+01         0.17676E-02
 time_begin=  1.560010000000000E-002
 time_end=   660.180631900000     
   213        -0.23658E+00        -0.49176E+01         0.22158E+00
 time_begin=  1.560010000000000E-002
 time_end=   660.180631900000     
   214         0.10643E-12        -0.50451E+01        -0.22487E+00
 time_begin=  1.560010000000000E-002
 time_end=   660.180631900000     
   215         0.64843E-13        -0.52799E+01         0.45178E-01
 time_begin=  1.560010000000000E-002
 time_end=   660.180631900000     
   216        -0.15344E-13        -0.51200E+01         0.22068E+00
 time_begin=  1.560010000000000E-002
 time_end=   660.180631900000     
   217        -0.22540E+00        -0.49375E+01        -0.20558E+00
 time_begin=  1.560010000000000E-002
 time_end=   660.180631900000     
   218         0.12579E-01        -0.49651E+01         0.17676E-02
 time_begin=  1.560010000000000E-002
 time_end=   660.180631900000     
   219         0.23658E+00        -0.49176E+01         0.22158E+00
 time_begin=  1.560010000000000E-002
 time_end=   660.180631900000     
   220        -0.36121E+00        -0.43612E+01        -0.18140E+00
 time_begin=  1.560010000000000E-002
 time_end=   660.180631900000     
   221         0.46022E-02        -0.44124E+01         0.59826E-02
 time_begin=  1.560010000000000E-002
 time_end=   660.180631900000     
   222         0.37472E+00        -0.43693E+01         0.18767E+00
 time_begin=  1.560010000000000E-002
 time_end=   660.180631900000     
   223        -0.41834E+00        -0.36938E+01        -0.16947E+00
 time_begin=  1.560010000000000E-002
 time_end=   660.180631900000     
   224         0.56670E-02        -0.37186E+01        -0.32794E-04
 time_begin=  1.560010000000000E-002
 time_end=   660.180631900000     
   225         0.42854E+00        -0.36905E+01         0.17215E+00
 time_begin=  1.560010000000000E-002
 time_end=   660.180631900000     
   226        -0.42866E+00        -0.29704E+01        -0.16634E+00
 time_begin=  1.560010000000000E-002
 time_end=   660.180631900000     
   227         0.42741E-02        -0.29893E+01         0.15584E-02
 time_begin=  1.560010000000000E-002
 time_end=   660.180631900000     
   228         0.43781E+00        -0.29718E+01         0.16846E+00
 time_begin=  1.560010000000000E-002
 time_end=   660.180631900000     
   229        -0.37929E+00        -0.22804E+01        -0.17075E+00
 time_begin=  1.560010000000000E-002
 time_end=   660.180631900000     
   230         0.40409E-02        -0.23390E+01         0.40163E-03
 time_begin=  1.560010000000000E-002
 time_end=   660.180631900000     
   231         0.38748E+00        -0.22786E+01         0.17238E+00
 time_begin=  1.560010000000000E-002
 time_end=   660.180631900000     
   232         0.42833E+00        -0.19151E+01        -0.29376E+00
 time_begin=  1.560010000000000E-002
 time_end=   660.180631900000     
   233        -0.34881E-02        -0.18748E+01         0.16260E-02
 time_begin=  1.560010000000000E-002
 time_end=   660.180631900000     
   234        -0.43576E+00        -0.19149E+01         0.29708E+00
 time_begin=  1.560010000000000E-002
 time_end=   660.180631900000     
   235         0.41540E+00        -0.25604E+01        -0.29867E+00
 time_begin=  1.560010000000000E-002
 time_end=   660.180631900000     
   236        -0.37007E-02        -0.25844E+01         0.15538E-02
 time_begin=  1.560010000000000E-002
 time_end=   660.180631900000     
   237        -0.42261E+00        -0.25603E+01         0.30181E+00
 time_begin=  1.560010000000000E-002
 time_end=   660.180631900000     
   238         0.42097E+00        -0.32822E+01        -0.30282E+00
 time_begin=  1.560010000000000E-002
 time_end=   660.180631900000     
   239        -0.34951E-02        -0.33060E+01         0.22422E-02
 time_begin=  1.560010000000000E-002
 time_end=   660.180631900000     
   240        -0.42880E+00        -0.32822E+01         0.30701E+00
 time_begin=  1.560010000000000E-002
 time_end=   660.180631900000     
   241         0.33896E+00        -0.39320E+01        -0.30922E+00
 time_begin=  1.560010000000000E-002
 time_end=   660.180631900000     
   242        -0.46618E-02        -0.39602E+01         0.37642E-02
 time_begin=  1.560010000000000E-002
 time_end=   660.180631900000     
   243        -0.34616E+00        -0.39297E+01         0.31786E+00
 time_begin=  1.560010000000000E-002
 time_end=   660.180631900000     
   244         0.19887E+00        -0.43982E+01        -0.33095E+00
 time_begin=  1.560010000000000E-002
 time_end=   660.180631900000     
   245        -0.15384E-03        -0.44497E+01         0.73726E-02
 time_begin=  1.560010000000000E-002
 time_end=   660.180631900000     
   246        -0.20559E+00        -0.44019E+01         0.34268E+00
 time_begin=  1.560010000000000E-002
 time_end=   660.180631900000     
   247         0.77305E-13        -0.46486E+01        -0.34624E+00
 time_begin=  1.560010000000000E-002
 time_end=   660.180631900000     
   248         0.66859E-13        -0.45952E+01        -0.36603E-02
 time_begin=  1.560010000000000E-002
 time_end=   660.180631900000     
   249         0.12559E-14        -0.46117E+01         0.37312E+00
 time_begin=  1.560010000000000E-002
 time_end=   660.180631900000     
   250        -0.19887E+00        -0.43982E+01        -0.33095E+00
 time_begin=  1.560010000000000E-002
 time_end=   660.180631900000     
   251         0.15384E-03        -0.44497E+01         0.73726E-02
 time_begin=  1.560010000000000E-002
 time_end=   660.180631900000     
   252         0.20559E+00        -0.44019E+01         0.34268E+00
 time_begin=  1.560010000000000E-002
 time_end=   660.180631900000     
   253        -0.33896E+00        -0.39320E+01        -0.30922E+00
 time_begin=  1.560010000000000E-002
 time_end=   660.180631900000     
   254         0.46618E-02        -0.39602E+01         0.37642E-02
 time_begin=  1.560010000000000E-002
 time_end=   660.180631900000     
   255         0.34616E+00        -0.39297E+01         0.31786E+00
 time_begin=  1.560010000000000E-002
 time_end=   660.180631900000     
   256        -0.42097E+00        -0.32822E+01        -0.30282E+00
 time_begin=  1.560010000000000E-002
 time_end=   660.180631900000     
   257         0.34951E-02        -0.33060E+01         0.22422E-02
 time_begin=  1.560010000000000E-002
 time_end=   660.180631900000     
   258         0.42880E+00        -0.32822E+01         0.30701E+00
 time_begin=  1.560010000000000E-002
 time_end=   660.180631900000     
   259        -0.41540E+00        -0.25604E+01        -0.29867E+00
 time_begin=  1.560010000000000E-002
 time_end=   660.180631900000     
   260         0.37007E-02        -0.25844E+01         0.15538E-02
 time_begin=  1.560010000000000E-002
 time_end=   660.180631900000     
   261         0.42261E+00        -0.25603E+01         0.30181E+00
 time_begin=  1.560010000000000E-002
 time_end=   660.180631900000     
   262        -0.42833E+00        -0.19151E+01        -0.29376E+00
 time_begin=  1.560010000000000E-002
 time_end=   660.180631900000     
   263         0.34881E-02        -0.18748E+01         0.16260E-02
 time_begin=  1.560010000000000E-002
 time_end=   660.180631900000     
   264         0.43576E+00        -0.19149E+01         0.29708E+00
 time_begin=  1.560010000000000E-002
 time_end=   660.180631900000     
   265         0.38791E+00        -0.12245E+01        -0.38143E+00
 time_begin=  1.560010000000000E-002
 time_end=   660.180631900000     
   266        -0.26244E-02        -0.12965E+01         0.18968E-02
 time_begin=  1.560010000000000E-002
 time_end=   660.180631900000     
   267        -0.39259E+00        -0.12244E+01         0.38536E+00
 time_begin=  1.560010000000000E-002
 time_end=   660.180631900000     
   268         0.46113E+00        -0.19846E+01        -0.37412E+00
 time_begin=  1.560010000000000E-002
 time_end=   660.180631900000     
   269        -0.25255E-02        -0.19803E+01         0.16861E-02
 time_begin=  1.560010000000000E-002
 time_end=   660.180631900000     
   270        -0.46643E+00        -0.19846E+01         0.37734E+00
 time_begin=  1.560010000000000E-002
 time_end=   660.180631900000     
   271         0.40641E+00        -0.27002E+01        -0.36563E+00
 time_begin=  1.560010000000000E-002
 time_end=   660.180631900000     
   272        -0.27803E-02        -0.27131E+01         0.24646E-02
 time_begin=  1.560010000000000E-002
 time_end=   660.180631900000     
   273        -0.41121E+00        -0.27000E+01         0.37075E+00
 time_begin=  1.560010000000000E-002
 time_end=   660.180631900000     
   274         0.33303E+00        -0.33383E+01        -0.37086E+00
 time_begin=  1.560010000000000E-002
 time_end=   660.180631900000     
   275        -0.16398E-02        -0.33643E+01         0.37642E-02
 time_begin=  1.560010000000000E-002
 time_end=   660.180631900000     
   276        -0.33791E+00        -0.33382E+01         0.37843E+00
 time_begin=  1.560010000000000E-002
 time_end=   660.180631900000     
   277         0.18350E+00        -0.37831E+01        -0.37580E+00
 time_begin=  1.560010000000000E-002
 time_end=   660.180631900000     
   278        -0.30647E-02        -0.38094E+01         0.48463E-02
 time_begin=  1.560010000000000E-002
 time_end=   660.180631900000     
   279        -0.18551E+00        -0.37825E+01         0.38583E+00
 time_begin=  1.560010000000000E-002
 time_end=   660.180631900000     
   280         0.13472E-12        -0.39027E+01        -0.37733E+00
 time_begin=  1.560010000000000E-002
 time_end=   660.180631900000     
   281         0.63330E-13        -0.39959E+01         0.10930E-01
 time_begin=  1.560010000000000E-002
 time_end=   660.180631900000     
   282         0.25225E-13        -0.39204E+01         0.38534E+00
 time_begin=  1.560010000000000E-002
 time_end=   660.180631900000     
   283        -0.18350E+00        -0.37831E+01        -0.37580E+00
 time_begin=  1.560010000000000E-002
 time_end=   660.180631900000     
   284         0.30647E-02        -0.38094E+01         0.48463E-02
 time_begin=  1.560010000000000E-002
 time_end=   660.180631900000     
   285         0.18551E+00        -0.37825E+01         0.38583E+00
 time_begin=  1.560010000000000E-002
 time_end=   660.180631900000     
   286        -0.33303E+00        -0.33383E+01        -0.37086E+00
 time_begin=  1.560010000000000E-002
 time_end=   660.180631900000     
   287         0.16398E-02        -0.33643E+01         0.37642E-02
 time_begin=  1.560010000000000E-002
 time_end=   660.180631900000     
   288         0.33791E+00        -0.33382E+01         0.37843E+00
 time_begin=  1.560010000000000E-002
 time_end=   660.180631900000     
   289        -0.40641E+00        -0.27002E+01        -0.36563E+00
 time_begin=  1.560010000000000E-002
 time_end=   660.180631900000     
   290         0.27803E-02        -0.27131E+01         0.24646E-02
 time_begin=  1.560010000000000E-002
 time_end=   660.180631900000     
   291         0.41121E+00        -0.27000E+01         0.37075E+00
 time_begin=  1.560010000000000E-002
 time_end=   660.180631900000     
   292        -0.46113E+00        -0.19846E+01        -0.37412E+00
 time_begin=  1.560010000000000E-002
 time_end=   660.180631900000     
   293         0.25255E-02        -0.19803E+01         0.16861E-02
 time_begin=  1.560010000000000E-002
 time_end=   660.180631900000     
   294         0.46643E+00        -0.19846E+01         0.37734E+00
 time_begin=  1.560010000000000E-002
 time_end=   660.180631900000     
   295        -0.38791E+00        -0.12245E+01        -0.38143E+00
 time_begin=  1.560010000000000E-002
 time_end=   660.180631900000     
   296         0.26244E-02        -0.12965E+01         0.18968E-02
 time_begin=  1.560010000000000E-002
 time_end=   660.180631900000     
   297         0.39259E+00        -0.12244E+01         0.38536E+00
 time_begin=  1.560010000000000E-002
 time_end=   660.180631900000     
   298         0.48441E+00        -0.66826E+00        -0.29789E+00
 time_begin=  1.560010000000000E-002
 time_end=   660.180631900000     
   299        -0.18062E-02        -0.53936E+00         0.11189E-02
 time_begin=  1.560010000000000E-002
 time_end=   660.180631900000     
   300        -0.48849E+00        -0.66918E+00         0.30037E+00
 time_begin=  1.560010000000000E-002
 time_end=   660.180631900000     
   301         0.37971E+00        -0.13058E+01        -0.35032E+00
 time_begin=  1.560010000000000E-002
 time_end=   660.180631900000     
   302        -0.16481E-02        -0.13218E+01         0.15134E-02
 time_begin=  1.560010000000000E-002
 time_end=   660.180631900000     
   303        -0.38266E+00        -0.13060E+01         0.35312E+00
 time_begin=  1.560010000000000E-002
 time_end=   660.180631900000     
   304         0.43476E+00        -0.20737E+01        -0.38614E+00
 time_begin=  1.560010000000000E-002
 time_end=   660.180631900000     
   305        -0.17585E-02        -0.20755E+01         0.25600E-02
 time_begin=  1.560010000000000E-002
 time_end=   660.180631900000     
   306        -0.43852E+00        -0.20737E+01         0.39131E+00
 time_begin=  1.560010000000000E-002
 time_end=   660.180631900000     
   307         0.32718E+00        -0.27133E+01        -0.36720E+00
 time_begin=  1.560010000000000E-002
 time_end=   660.180631900000     
   308        -0.20669E-02        -0.27307E+01         0.36329E-02
 time_begin=  1.560010000000000E-002
 time_end=   660.180631900000     
   309        -0.33015E+00        -0.27134E+01         0.37444E+00
 time_begin=  1.560010000000000E-002
 time_end=   660.180631900000     
   310         0.18481E+00        -0.31562E+01        -0.36505E+00
 time_begin=  1.560010000000000E-002
 time_end=   660.180631900000     
   311         0.24467E-03        -0.31776E+01         0.44508E-02
 time_begin=  1.560010000000000E-002
 time_end=   660.180631900000     
   312        -0.18759E+00        -0.31557E+01         0.37451E+00
 time_begin=  1.560010000000000E-002
 time_end=   660.180631900000     
   313         0.11000E-12        -0.33371E+01        -0.36207E+00
 time_begin=  1.560010000000000E-002
 time_end=   660.180631900000     
   314         0.84753E-13        -0.33191E+01         0.31538E-02
 time_begin=  1.560010000000000E-002
 time_end=   660.180631900000     
   315        -0.62912E-14        -0.33270E+01         0.37416E+00
 time_begin=  1.560010000000000E-002
 time_end=   660.180631900000     
   316        -0.18481E+00        -0.31562E+01        -0.36505E+00
 time_begin=  1.560010000000000E-002
 time_end=   660.180631900000     
   317        -0.24467E-03        -0.31776E+01         0.44508E-02
 time_begin=  1.560010000000000E-002
 time_end=   660.180631900000     
   318         0.18759E+00        -0.31557E+01         0.37451E+00
 time_begin=  1.560010000000000E-002
 time_end=   660.180631900000     
   319        -0.32718E+00        -0.27133E+01        -0.36720E+00
 time_begin=  1.560010000000000E-002
 time_end=   660.180631900000     
   320         0.20669E-02        -0.27307E+01         0.36329E-02
 time_begin=  1.560010000000000E-002
 time_end=   660.180631900000     
   321         0.33015E+00        -0.27134E+01         0.37444E+00
 time_begin=  1.560010000000000E-002
 time_end=   660.180631900000     
   322        -0.43476E+00        -0.20737E+01        -0.38614E+00
 time_begin=  1.560010000000000E-002
 time_end=   660.180631900000     
   323         0.17585E-02        -0.20755E+01         0.25600E-02
 time_begin=  1.560010000000000E-002
 time_end=   660.180631900000     
   324         0.43852E+00        -0.20737E+01         0.39131E+00
 time_begin=  1.560010000000000E-002
 time_end=   660.180631900000     
   325        -0.37971E+00        -0.13058E+01        -0.35032E+00
 time_begin=  1.560010000000000E-002
 time_end=   660.180631900000     
   326         0.16481E-02        -0.13218E+01         0.15134E-02
 time_begin=  1.560010000000000E-002
 time_end=   660.180631900000     
   327         0.38266E+00        -0.13060E+01         0.35312E+00
 time_begin=  1.560010000000000E-002
 time_end=   660.180631900000     
   328        -0.48441E+00        -0.66826E+00        -0.29789E+00
 time_begin=  1.560010000000000E-002
 time_end=   660.180631900000     
   329         0.18062E-02        -0.53936E+00         0.11189E-02
 time_begin=  1.560010000000000E-002
 time_end=   660.180631900000     
   330         0.48849E+00        -0.66918E+00         0.30037E+00
 time_begin=  1.560010000000000E-002
 time_end=   660.180631900000     
   331        -0.44792E-09         0.14830E-09         0.49177E-09
 time_begin=  1.560010000000000E-002
 time_end=   660.180631900000     
   332         0.38366E-11         0.20234E-09        -0.40597E-11
 time_begin=  1.560010000000000E-002
 time_end=   660.180631900000     
   333         0.44992E-09         0.14973E-09        -0.49403E-09
 time_begin=  1.560010000000000E-002
 time_end=   660.180631900000     
   334         0.41822E+00        -0.73457E+00        -0.35524E+00
 time_begin=  1.560010000000000E-002
 time_end=   660.180631900000     
   335        -0.17207E-02        -0.69332E+00         0.14725E-02
 time_begin=  1.560010000000000E-002
 time_end=   660.180631900000     
   336        -0.42133E+00        -0.73514E+00         0.35790E+00
 time_begin=  1.560010000000000E-002
 time_end=   660.180631900000     
   337         0.38919E+00        -0.14443E+01        -0.35592E+00
 time_begin=  1.560010000000000E-002
 time_end=   660.180631900000     
   338        -0.22168E-02        -0.14560E+01         0.25760E-02
 time_begin=  1.560010000000000E-002
 time_end=   660.180631900000     
   339        -0.39329E+00        -0.14443E+01         0.36088E+00
 time_begin=  1.560010000000000E-002
 time_end=   660.180631900000     
   340         0.32782E+00        -0.21210E+01        -0.33981E+00
 time_begin=  1.560010000000000E-002
 time_end=   660.180631900000     
   341        -0.15183E-02        -0.21341E+01         0.29823E-02
 time_begin=  1.560010000000000E-002
 time_end=   660.180631900000     
   342        -0.33158E+00        -0.21208E+01         0.34616E+00
 time_begin=  1.560010000000000E-002
 time_end=   660.180631900000     
   343         0.17975E+00        -0.25708E+01        -0.32624E+00
 time_begin=  1.560010000000000E-002
 time_end=   660.180631900000     
   344        -0.20096E-02        -0.25929E+01         0.40964E-02
 time_begin=  1.560010000000000E-002
 time_end=   660.180631900000     
   345        -0.18137E+00        -0.25725E+01         0.33224E+00
 time_begin=  1.560010000000000E-002
 time_end=   660.180631900000     
   346         0.18860E-12        -0.27111E+01        -0.31569E+00
 time_begin=  1.560010000000000E-002
 time_end=   660.180631900000     
   347         0.73762E-13        -0.27733E+01         0.77551E-02
 time_begin=  1.560010000000000E-002
 time_end=   660.180631900000     
   348         0.18727E-14        -0.27222E+01         0.31643E+00
 time_begin=  1.560010000000000E-002
 time_end=   660.180631900000     
   349        -0.17975E+00        -0.25708E+01        -0.32624E+00
 time_begin=  1.560010000000000E-002
 time_end=   660.180631900000     
   350         0.20096E-02        -0.25929E+01         0.40964E-02
 time_begin=  1.560010000000000E-002
 time_end=   660.180631900000     
   351         0.18137E+00        -0.25725E+01         0.33224E+00
 time_begin=  1.560010000000000E-002
 time_end=   660.180631900000     
   352        -0.32782E+00        -0.21210E+01        -0.33981E+00
 time_begin=  1.560010000000000E-002
 time_end=   660.180631900000     
   353         0.15183E-02        -0.21341E+01         0.29823E-02
 time_begin=  1.560010000000000E-002
 time_end=   660.180631900000     
   354         0.33158E+00        -0.21208E+01         0.34616E+00
 time_begin=  1.560010000000000E-002
 time_end=   660.180631900000     
   355        -0.38919E+00        -0.14443E+01        -0.35592E+00
 time_begin=  1.560010000000000E-002
 time_end=   660.180631900000     
   356         0.22168E-02        -0.14560E+01         0.25760E-02
 time_begin=  1.560010000000000E-002
 time_end=   660.180631900000     
   357         0.39329E+00        -0.14443E+01         0.36088E+00
 time_begin=  1.560010000000000E-002
 time_end=   660.180631900000     
   358        -0.41822E+00        -0.73457E+00        -0.35524E+00
 time_begin=  1.560010000000000E-002
 time_end=   660.180631900000     
   359         0.17207E-02        -0.69332E+00         0.14725E-02
 time_begin=  1.560010000000000E-002
 time_end=   660.180631900000     
   360         0.42133E+00        -0.73514E+00         0.35790E+00
 time_begin=  1.560010000000000E-002
 time_end=   660.180631900000     
   361         0.44792E-09         0.14830E-09         0.49177E-09
 time_begin=  1.560010000000000E-002
 time_end=   660.180631900000     
   362        -0.38366E-11         0.20234E-09        -0.40597E-11
 time_begin=  1.560010000000000E-002
 time_end=   660.180631900000     
   363        -0.44992E-09         0.14973E-09        -0.49403E-09
 time_begin=  1.560010000000000E-002
 time_end=   660.180631900000     
